       1       1       1       1    1304
       1       1       2       1    1343
       1       1       3       1    1252
       1       1       1       2    1269
       1       1       2       2    1320
       1       1       3       2    1218
       1       2       1       1    1149
       1       2       2       1    1150
       1       2       3       1    1114
       1       2       1       2    1203
       1       2       2       2    1187
       1       2       3       2    1179
       1       3       1       1    1263
       1       3       2       1    1250
       1       3       3       1    1171
       1       3       1       2    1211
       1       3       2       2    1266
       1       3       3       2    1143
       1       4       1       1    1336
       1       4       2       1    1293
       1       4       3       1    1258
       1       4       1       2    1767
       1       4       2       2    1481
       1       4       3       2    1252
       1       5       1       1    1261
       1       5       2       1    1252
       1       5       3       1    1185
       1       5       1       2    1278
       1       5       2       2    1334
       1       5       3       2    1172
       2       1       1       1    1099
       2       1       2       1    1145
       2       1       3       1     964
       2       1       1       2     972
       2       1       2       2     992
       2       1       3       2     909
       2       2       1       1    1063
       2       2       2       1    1094
       2       2       3       1     965
       2       2       1       2     784
       2       2       2       2     767
       2       2       3       2     740
       2       3       1       1    1115
       2       3       2       1    1164
       2       3       3       1     945
       2       3       1       2     990
       2       3       2       2     993
       2       3       3       2     975
       2       4       1       1    1244
       2       4       2       1    1235
       2       4       3       1    1122
       2       4       1       2     716
       2       4       2       2     708
       2       4       3       2     689
       2       5       1       1    1115
       2       5       2       1    1092
       2       5       3       1     861
       2       5       1       2     851
       2       5       2       2     875
       2       5       3       2     874
       3       1       1       1    1287
       3       1       2       1    1124
       3       1       3       1    1171
       3       1       1       2    1143
       3       1       2       2    1099
       3       1       3       2     996
       3       2       1       1    1487
       3       2       2       1    1264
       3       2       3       1    1294
       3       2       1       2    1230
       3       2       2       2    1218
       3       2       3       2    1146
       3       3       1       1    1246
       3       3       2       1    1186
       3       3       3       1    1165
       3       3       1       2    1222
       3       3       2       2    1246
       3       3       3       2    1112
       3       4       1       1    1398
       3       4       2       1    1278
       3       4       3       1    1276
       3       4       1       2    1144
       3       4       2       2    1190
       3       4       3       2    1083
       3       5       1       1    1336
       3       5       2       1    1153
       3       5       3       1    1147
       3       5       1       2    1120
       3       5       2       2    1139
       3       5       3       2     993
       4       1       1       1    1159
       4       1       2       1    1026
       4       1       3       1     969
       4       1       1       2    1101
       4       1       2       2    1107
       4       1       3       2    1060
       4       2       1       1    1154
       4       2       2       1    1071
       4       2       3       1    1066
       4       2       1       2    1098
       4       2       2       2    1156
       4       2       3       2    1298
       4       3       1       1    1447
       4       3       2       1    1222
       4       3       3       1    1261
       4       3       1       2     884
       4       3       2       2    1083
       4       3       3       2     942
       4       4       1       1    1983
       4       4       2       1    1180
       4       4       3       1    1207
       4       4       1       2     980
       4       4       2       2     981
       4       4       3       2     905
       4       5       1       1    1177
       4       5       2       1    1063
       4       5       3       1    1072
       4       5       1       2    1017
       4       5       2       2    1025
       4       5       3       2     962